# GfsView 3D
View {
  tx = 0 ty = 0
  sx = 1 sy = 1 sz = 1
  q0 = -0.253102 q1 = 0.325618 q2 = 0.208821 q3 = 0.886739
  fov = 33.7121
  r = 0.3 g = 0.4 b = 0.6
  res = 1
  lc = 0.001
  reactivity = 0.1
}
Isosurface {
  r = 0.822583 g = 0.822583 b = 0.822583
  shading = Constant
  maxlevel = -1
  font_size = 1
  raster_font = 1
  line_width = 1
} {
  n.x = 0 n.y = 0 n.z = 1
  pos = 0
} Velocity2 {
  amin = 1
  amax = 1
  cmap = Jet
} Lambda2 {
  level = 0
  reversed = 0
  use_scalar = 0
}
